<?xml version="1.0"?>
<opencv_storage>
<calibration_time>"Mon 26 Feb 2018 12:38:59 CET"</calibration_time>
<nr_of_frames>50</nr_of_frames>
<image_width>320</image_width>
<image_height>240</image_height>
<board_width>9</board_width>
<board_height>6</board_height>
<square_size>26.</square_size>
<fix_aspect_ratio>1.</fix_aspect_ratio>
<!-- flags: +fix_aspectRatio +zero_tangent_dist +fix_k4 +fix_k5 -->
<flags>6154</flags>
<fisheye_model>0</fisheye_model>
<camera_matrix type_id="opencv-matrix">
  <rows>3</rows>
  <cols>3</cols>
  <dt>d</dt>
  <data>
    2.5060727845138297e+02 0. 1.6074556526031759e+02 0.
    2.5060727845138297e+02 1.1946998393939153e+02 0. 0. 1.</data></camera_matrix>
<distortion_coefficients type_id="opencv-matrix">
  <rows>5</rows>
  <cols>1</cols>
  <dt>d</dt>
  <data>
    1.9743201021743523e-01 -5.3071397400649623e-01 0. 0.
    4.1055161400388390e-01</data></distortion_coefficients>
<avg_reprojection_error>3.0886713480052025e-01</avg_reprojection_error>
<per_view_reprojection_errors type_id="opencv-matrix">
  <rows>50</rows>
  <cols>1</cols>
  <dt>f</dt>
  <data>
    1.67222440e-01 2.76405096e-01 2.36399025e-01 2.30066970e-01
    2.89530069e-01 2.33292729e-01 3.00426304e-01 1.89034149e-01
    2.01453060e-01 6.92967713e-01 1.98370919e-01 2.21435994e-01
    2.44670272e-01 1.57711446e-01 1.22811925e+00 2.32273668e-01
    2.86478668e-01 3.43171269e-01 3.76440793e-01 2.35899791e-01
    1.41421542e-01 2.26598501e-01 3.29391092e-01 3.85416240e-01
    2.34913006e-01 1.43644005e-01 4.77183491e-01 1.12039171e-01
    2.04177424e-01 1.42716795e-01 1.02277234e-01 1.21375807e-01
    1.58842936e-01 1.06825605e-01 1.04584016e-01 6.33041382e-01
    8.06600899e-02 2.88861930e-01 1.33870929e-01 1.68230653e-01
    1.42241195e-01 1.77576378e-01 1.60072714e-01 1.84217378e-01
    1.26117229e-01 3.00691307e-01 1.49278209e-01 8.30218866e-02
    1.52644426e-01 2.29921669e-01</data></per_view_reprojection_errors>
<!-- a set of 6-tuples (rotation vector + translation vector) for each view -->
<extrinsic_parameters type_id="opencv-matrix">
  <rows>50</rows>
  <cols>6</cols>
  <dt>d</dt>
  <data>
    -3.2315745356051639e-01 -1.3112138668344581e-01
    3.6455712103471449e-01 -8.6209760729338313e+01
    -1.0944795662753739e+02 3.1584844069474718e+02
    -5.1633213912102227e-01 4.4858014681308329e-03
    -2.9558257728340889e-02 -1.1393081909395576e+02
    -7.9992615208197776e+01 2.6287000575238363e+02
    -2.4216843127495569e-01 -5.5102419441961192e-01
    -1.6107632050574039e+00 -4.6615721105833060e+01
    7.6305843471591800e+01 1.9403313741330945e+02 2.2167348579638479e-01
    -2.3357100291159599e-02 -2.9061773675088989e+00
    8.7341891121497454e+01 8.9189515445190835e+01 2.7535048119621439e+02
    1.0452783346891512e-01 1.0862894609138461e-01
    -2.9971064819824251e+00 9.7695818875942749e+01
    9.3936393365905559e+01 2.3452446205994727e+02
    -5.9698346626881005e-01 -2.5480364111634074e-01
    2.8430210326138368e+00 1.4387075859399778e+02 2.9836307970008164e+01
    2.9697543587368688e+02 -1.1412836177556600e-01
    -3.9302470755050140e-01 3.0428614220752892e+00
    1.0997077205363976e+02 6.0923919434447498e+01 2.3769202998281642e+02
    3.9585100906019721e-01 -3.0575439243545116e-01
    -1.4631183727748620e+00 -1.3619932317608485e+02
    1.0292827136751740e+02 2.7484622618518358e+02
    -1.0251806396122660e-01 -9.8145690434064785e-03
    -1.5531918978907560e+00 2.7958349963428599e+01
    9.3946538707606521e+01 3.1205321739685991e+02
    -1.9916253060680811e-01 9.9633222165139845e-01
    2.8892983740543854e+00 9.8349175442010008e+01 1.6358037830705175e+01
    2.4861891304056351e+02 -3.2475153472425117e-01
    4.1785571193571186e-01 1.4104565989721125e+00 3.7175846144302447e+01
    -1.1752017488588427e+02 3.4971873100034685e+02
    -4.1740990132070843e-01 1.9491345819245354e-01
    9.0500724965365809e-01 -6.4610103875757812e+00
    -1.3613226963934170e+02 3.7559167794457250e+02
    5.8910678275258455e-01 4.6772822222393867e-01 2.8196554526045206e+00
    1.2395481205211625e+02 1.3830905595906998e+01 2.7942312485707026e+02
    3.7394514719382660e-01 -1.0175171068085284e-01
    -2.7393977518261003e+00 9.1041586194491899e+01
    1.0176080439150648e+02 3.5955612905189872e+02
    -4.8846494362148674e-01 -5.5734434082634188e-01
    -1.5631951239468975e+00 -7.1021805249953104e+01
    5.3308874087645663e+01 1.6746180050267796e+02
    -1.9475437315878825e-02 1.1547368221183825e-01
    -3.1121454831952229e+00 1.1315713304067769e+02
    6.1828233840621287e+01 2.9979773981623043e+02 7.4419408001078236e-01
    -4.6129617546421348e-01 -2.9999858644919977e+00
    1.0968591998504607e+02 6.5588603109481255e+01 2.8363168193884928e+02
    3.7881108092318878e-02 -9.9657518769871578e-01
    2.9143456912139820e+00 9.8861565526108166e+01 5.0779628427249783e+01
    2.8597720512739500e+02 4.5029148806113123e-01 9.7111452908999230e-01
    -2.8259357716316447e+00 8.8534996469723225e+01
    5.7107128488485252e+01 3.2616397354997241e+02 1.3982746298085624e-01
    5.9942989457801343e-01 -3.0519694104423780e+00
    1.3053310945234210e+02 6.3628429469298666e+01 3.0298729979322593e+02
    8.1082651055659621e-02 3.1977474138664458e-01
    -2.6669560556165730e+00 1.0338220434175683e+02
    1.1679213048797924e+02 3.5630917759700725e+02 5.8280466254403451e-01
    -5.9056121465346789e-01 2.8793211242405858e+00
    1.1430388124779756e+02 5.4068927778865515e+01 2.5260605331885253e+02
    -5.4511642838039187e-01 2.8036475224830559e-01
    -3.0585565676313542e+00 5.5246008518935412e+01
    7.8147302907634383e+01 1.9098109051959767e+02
    -4.6422637015384190e-02 -9.5317791038170530e-01
    2.7761858914370490e+00 1.3236292136561556e+02 5.3893332301284140e+01
    2.8525259590171629e+02 -5.4490613793590170e-01
    -3.6398035342834467e-01 -2.7018229269133140e+00
    5.1516249085759014e+01 1.0011155770696448e+02 2.5835692574436149e+02
    -1.8980033014828374e-01 8.7939503860278625e-03
    3.0592717502954518e+00 8.3324499835857068e+01 3.9065069943477077e+01
    4.0614566214069862e+02 -2.0887711168093934e-01
    4.8633225872290697e-01 -1.8083491943939658e+00
    5.6806461912056200e+01 7.2449129823050470e+01 4.4682470984118186e+02
    3.2491417467102596e-01 1.8569008671481785e-02
    -1.5949230077366354e+00 -2.1227746426832840e+02
    6.0897138260392616e+01 4.0651489077294616e+02
    -1.2795264405951401e-01 9.7256287732419766e-01
    -2.9125223688170840e+00 1.1244862754584304e+02
    1.1464239056917538e+01 3.4417352155137758e+02
    -3.5482182709663757e-01 -3.9263083162453349e-01
    -2.9094056985380656e+00 1.8343738669061611e+02
    -2.8462518722214039e+01 3.7067686646970435e+02
    4.5493618156428067e-01 -5.5835798546328697e-02
    -1.4783807139738872e+00 -2.3886342925399575e+02
    4.7285724098504119e+01 4.5010187705719670e+02 2.2789520368593538e-01
    6.2902751933141199e-01 3.0700954066222481e+00 2.3129542802452133e+02
    1.5955656876543009e+02 4.1155036657454718e+02 9.1822363276698460e-02
    1.7321987849995901e-01 3.0304485806547650e+00 1.1837202664492203e+02
    7.8096302467243774e+01 3.0849755076323754e+02
    -1.1605801483916418e-01 -7.9728774041702352e-02
    -1.6276797164108379e+00 -1.7489337735146214e+02
    1.2107110772093732e+02 3.3452833574198320e+02 2.3723999026039621e-02
    1.1796870182595137e-01 -1.4899370455765701e+00
    -1.1237189886080435e+02 1.1714333348942586e+02
    3.8470595305796547e+02 -2.8269616495051159e-01
    2.5416237829781552e-01 -1.2120778317588887e+00
    -1.2787182110125585e+02 2.2024802009986626e+01
    4.1950040682168986e+02 1.4187373855779878e-01 4.7378095635009099e-01
    -1.7202775944227922e+00 6.4946891142677728e+01
    8.0600557969197695e+01 4.3826849385399601e+02 1.4243768013201086e-03
    9.3919581804485258e-02 -7.9304150552040181e-02
    -9.9032277545804391e+01 -7.2223813509216612e+01
    4.9937049779402520e+02 1.1978955579906625e-01 2.4726074068281340e-01
    2.4488652952083325e+00 1.0995648534089042e+02 1.1449121682680257e+01
