<?xml version="1.0"?>
<opencv_storage>
<calibration_time>"Mon 26 Feb 2018 00:21:13 CET"</calibration_time>
<nr_of_frames>10</nr_of_frames>
<image_width>640</image_width>
<image_height>480</image_height>
<board_width>9</board_width>
<board_height>6</board_height>
<square_size>26.</square_size>
<fix_aspect_ratio>1.</fix_aspect_ratio>
<!-- flags: +fix_aspectRatio +zero_tangent_dist +fix_k4 +fix_k5 -->
<flags>6154</flags>
<fisheye_model>0</fisheye_model>
<camera_matrix type_id="opencv-matrix">
  <rows>3</rows>
  <cols>3</cols>
  <dt>d</dt>
  <data>
    5.0051846357148014e+02 0. 3.2248880578650403e+02 0.
    5.0051846357148014e+02 2.3941958956796168e+02 0. 0. 1.</data></camera_matrix>
<distortion_coefficients type_id="opencv-matrix">
  <rows>5</rows>
  <cols>1</cols>
  <dt>d</dt>
  <data>
    1.9788869287494282e-01 -5.7645192952714930e-01 0. 0.
    5.2266662838560030e-01</data></distortion_coefficients>
<avg_reprojection_error>4.9776289417711034e-01</avg_reprojection_error>
<per_view_reprojection_errors type_id="opencv-matrix">
  <rows>10</rows>
  <cols>1</cols>
  <dt>f</dt>
  <data>
    3.21607500e-01 5.74679911e-01 4.48551923e-01 4.55306202e-01
    5.65910399e-01 4.51864988e-01 5.76972246e-01 3.63874793e-01
    3.43772560e-01 7.26340175e-01</data></per_view_reprojection_errors>
<!-- a set of 6-tuples (rotation vector + translation vector) for each view -->
<extrinsic_parameters type_id="opencv-matrix">
  <rows>10</rows>
  <cols>6</cols>
  <dt>d</dt>
  <data>
    -3.2322174329433628e-01 -1.3201661277573201e-01
    3.6447244935449297e-01 -8.6508500099269554e+01
    -1.0942371300257254e+02 3.1530002717549223e+02
    -5.1612408684806010e-01 4.3281162556060926e-03
    -2.9889631243133128e-02 -1.1415624500767319e+02
    -7.9953976487985273e+01 2.6238708138987931e+02
    -2.4082942752688449e-01 -5.5131336018832477e-01
    -1.6106832334252854e+00 -4.6842957282311481e+01
    7.6332654253854301e+01 1.9362951619957110e+02 2.1971111950679373e-01
    -2.3068196358753013e-02 -2.9062872776406268e+00
    8.7130952706865472e+01 8.9203771720443996e+01 2.7472991706036390e+02
    1.0348564684916958e-01 1.0804168817450126e-01
    -2.9968886810298065e+00 9.7495172717918663e+01
    9.3994224309817213e+01 2.3395851767758657e+02
    -5.9497700690444377e-01 -2.5532485420624779e-01
    2.8436340798110908e+00 1.4373659852202508e+02 2.9894847015891958e+01
    2.9644857311047986e+02 -1.1395612283184106e-01
    -3.9322196596096687e-01 3.0431089685692538e+00
    1.0976405530280650e+02 6.0965379243488805e+01 2.3723865821130656e+02
    3.9668760766172140e-01 -3.0655480224319848e-01
    -1.4629222172084202e+00 -1.3647305308079785e+02
    1.0294638518578977e+02 2.7425892825144956e+02
    -1.0357408837095197e-01 -8.7860309433597794e-03
    -1.5529528345313603e+00 2.7617389197531026e+01
    9.3960273970427579e+01 3.1148724225991765e+02
    -2.0343467190752421e-01 1.0066665830075183e+00
    2.8866247336427415e+00 9.8161312958839929e+01 1.6523088468490791e+01
    2.4798332180179474e+02</data></extrinsic_parameters>
<image_points type_id="opencv-matrix">
  <rows>10</rows>
  <cols>54</cols>
  <dt>"2f"</dt>
  <data>
    1.82304581e+02 6.16208038e+01 2.22119797e+02 7.88854218e+01
    2.61403015e+02 9.57842712e+01 2.99909637e+02 1.12302643e+02
    3.37772614e+02 1.28173508e+02 3.75039215e+02 1.43891235e+02
    4.12333466e+02 1.59243622e+02 4.49158081e+02 1.74608505e+02
    4.85966309e+02 1.89763290e+02 1.64208420e+02 9.48807678e+01
    2.05507263e+02 1.12689522e+02 2.45888718e+02 1.29734604e+02
    2.85613556e+02 1.46302567e+02 3.24440552e+02 1.62389801e+02
    3.62703125e+02 1.78238754e+02 4.00779938e+02 1.93839188e+02
    4.38820465e+02 2.09292099e+02 4.76722626e+02 2.24615219e+02
    1.45395493e+02 1.30859100e+02 1.87906235e+02 1.48456955e+02
    2.29648270e+02 1.65346313e+02 2.70466858e+02 1.81959091e+02
    3.10411438e+02 1.98203598e+02 3.49772980e+02 2.14210800e+02
    3.89158112e+02 2.29871201e+02 4.28267487e+02 2.45690262e+02
    4.67168030e+02 2.61585693e+02 1.24998299e+02 1.68450317e+02
    1.69046021e+02 1.85946014e+02 2.12156082e+02 2.02993713e+02
    2.54385666e+02 2.19688705e+02 2.95488617e+02 2.36100037e+02
    3.36379181e+02 2.52122940e+02 3.76815094e+02 2.68233917e+02
    4.17052429e+02 2.84422546e+02 4.57094482e+02 3.00677277e+02
    1.03325005e+02 2.07731232e+02 1.48743195e+02 2.25476471e+02
    1.93511566e+02 2.42576965e+02 2.37177475e+02 2.59444763e+02
    2.79818268e+02 2.76020203e+02 3.21936676e+02 2.92296539e+02
    3.63684937e+02 3.08864716e+02 4.05160583e+02 3.25548889e+02
    4.46607605e+02 3.42267609e+02 8.01225662e+01 2.49592834e+02
    1.27045418e+02 2.67437744e+02 1.73375824e+02 2.84749146e+02
    2.18763412e+02 3.01668182e+02 2.62967285e+02 3.18473633e+02
    3.06642120e+02 3.35276398e+02 3.50047852e+02 3.52223541e+02
    3.93378845e+02 3.69382568e+02 4.36252289e+02 3.86496582e+02
    9.96058807e+01 8.26804352e+01 1.50586533e+02 8.18515625e+01
    2.01582962e+02 8.09288635e+01 2.52356506e+02 7.99201889e+01
    3.02612061e+02 7.85276413e+01 3.52817413e+02 7.73031845e+01
    4.03418640e+02 7.56285782e+01 4.54027771e+02 7.43606796e+01
    5.04692261e+02 7.29598389e+01 8.94593048e+01 1.20739525e+02
    1.43556305e+02 1.20405792e+02 1.97225220e+02 1.19455505e+02
    2.50479004e+02 1.18299774e+02 3.03103180e+02 1.17006325e+02
    3.55597321e+02 1.15694687e+02 4.08551453e+02 1.13908501e+02
    4.61895111e+02 1.12121788e+02 5.15416199e+02 1.10515160e+02
    7.93199310e+01 1.64455963e+02 1.36049652e+02 1.63374115e+02
    1.92426346e+02 1.61793488e+02 2.48397202e+02 1.60452835e+02
    3.03552307e+02 1.58994202e+02 3.58667938e+02 1.57431839e+02
    4.14429657e+02 1.55381271e+02 4.70812012e+02 1.53386185e+02
    5.27296021e+02 1.51888336e+02 6.72584763e+01 2.12379227e+02
    1.27056816e+02 2.10623749e+02 1.86786240e+02 2.08982330e+02
    2.45852585e+02 2.07147858e+02 3.04070404e+02 2.05457993e+02
    3.62266663e+02 2.03210236e+02 4.21185822e+02 2.01283112e+02
    4.80894165e+02 1.99651382e+02 5.40797302e+02 1.98403442e+02
    5.34108734e+01 2.65096954e+02 1.16719025e+02 2.63446960e+02
    1.80193909e+02 2.61081116e+02 2.42824524e+02 2.58914917e+02
    3.04548004e+02 2.56860840e+02 3.66266815e+02 2.54554443e+02
    4.28756317e+02 2.53119873e+02 4.92208527e+02 2.51808289e+02
    5.56015442e+02 2.50321075e+02 3.80969734e+01 3.24570343e+02
    1.04768242e+02 3.22669739e+02 1.72302567e+02 3.20209320e+02
    2.39144623e+02 3.17148560e+02 3.04939667e+02 3.14808411e+02
    3.70929199e+02 3.12764008e+02 4.37948059e+02 3.11194550e+02
    5.06267517e+02 3.09733856e+02 5.73956421e+02 3.08407257e+02
    1.98791763e+02 4.41212952e+02 1.98696579e+02 3.71869507e+02
    1.98575745e+02 3.10832367e+02 1.98241730e+02 2.56612488e+02
    1.97518402e+02 2.08238327e+02 1.96667038e+02 1.64571320e+02
    1.95680283e+02 1.24443588e+02 1.94806488e+02 8.80839920e+01
    1.94068268e+02 5.46344986e+01 2.68052216e+02 4.32965027e+02
    2.63520966e+02 3.66038910e+02 2.59646149e+02 3.07087311e+02
    2.55979767e+02 2.54649399e+02 2.52539948e+02 2.07732117e+02
    2.49265076e+02 1.65295181e+02 2.46125000e+02 1.26085846e+02
    2.43123962e+02 9.01613159e+01 2.40379715e+02 5.70121727e+01
    3.32565002e+02 4.26016388e+02 3.24263092e+02 3.61141022e+02
    3.17027557e+02 3.03793304e+02 3.10577850e+02 2.52745850e+02
    3.04622559e+02 2.07035095e+02 2.99173370e+02 1.65425171e+02
    2.94069489e+02 1.26972221e+02 2.89346191e+02 9.14446793e+01
    2.84817566e+02 5.92433472e+01 3.94157440e+02 4.19533234e+02
    3.82231445e+02 3.56511993e+02 3.71864929e+02 3.00848175e+02
    3.62785950e+02 2.51079239e+02 3.54607544e+02 2.06316406e+02
    3.47272583e+02 1.65132568e+02 3.40408173e+02 1.27312607e+02
    3.33919495e+02 9.27719498e+01 3.27877869e+02 6.10264244e+01
    4.52528076e+02 4.13509033e+02 4.37490692e+02 3.52598145e+02
    4.24423920e+02 2.98136230e+02 4.12777283e+02 2.49265457e+02
    4.02527740e+02 2.05377960e+02 3.93386353e+02 1.64800568e+02
    3.84639709e+02 1.28136414e+02 3.76622284e+02 9.42841415e+01
