<?xml version="1.0"?>
<opencv_storage>
<calibration_time>"Mon 26 Feb 2018 00:53:31 CET"</calibration_time>
<nr_of_frames>10</nr_of_frames>
<image_width>3280</image_width>
<image_height>2464</image_height>
<board_width>9</board_width>
<board_height>6</board_height>
<square_size>26.</square_size>
<fix_aspect_ratio>1.</fix_aspect_ratio>
<!-- flags: +fix_aspectRatio +zero_tangent_dist +fix_k4 +fix_k5 -->
<flags>6154</flags>
<fisheye_model>0</fisheye_model>
<camera_matrix type_id="opencv-matrix">
  <rows>3</rows>
  <cols>3</cols>
  <dt>d</dt>
  <data>
    2.5494880911929363e+03 0. 1.6504195872307641e+03 0.
    2.5494880911929363e+03 1.2378870263633883e+03 0. 0. 1.</data></camera_matrix>
<distortion_coefficients type_id="opencv-matrix">
  <rows>5</rows>
  <cols>1</cols>
  <dt>d</dt>
  <data>
    1.8965713909788839e-01 -4.8450508177073265e-01 0. 0.
    3.6743970246439667e-01</data></distortion_coefficients>
<avg_reprojection_error>2.6007128785252456e+00</avg_reprojection_error>
<per_view_reprojection_errors type_id="opencv-matrix">
  <rows>10</rows>
  <cols>1</cols>
  <dt>f</dt>
  <data>
    1.62901354e+00 2.95880747e+00 2.19681859e+00 2.27645302e+00
    2.93239474e+00 2.41023993e+00 3.11729145e+00 1.84618843e+00
    3.84244514e+00 1.98042893e+00</data></per_view_reprojection_errors>
<!-- a set of 6-tuples (rotation vector + translation vector) for each view -->
<extrinsic_parameters type_id="opencv-matrix">
  <rows>10</rows>
  <cols>6</cols>
  <dt>d</dt>
  <data>
    -3.2171341117936741e-01 -1.3086331829492820e-01
    3.6448139972680260e-01 -8.6021419544023189e+01
    -1.1019374833999686e+02 3.1365309168315252e+02
    -5.1414485911375885e-01 5.4978815336245391e-03
    -2.9620563730740634e-02 -1.1375615606533857e+02
    -8.0568520082012327e+01 2.6123076708759891e+02
    -2.3907431628650372e-01 -5.4791234742850659e-01
    -1.6105754997207309e+00 -4.6561207977863859e+01
    7.5872946814441335e+01 1.9268816952248278e+02 2.1712525236075608e-01
    -2.3088438112064440e-02 -2.9067380777212777e+00
    8.7623801251856918e+01 8.8516124725173285e+01 2.7319238445709908e+02
    1.0128431537393130e-01 1.0849496074122281e-01
    -2.9968275505630282e+00 9.7869179200509947e+01
    9.3487658583510338e+01 2.3270995658655482e+02
    -5.9047149358410589e-01 -2.5703012407782239e-01
    2.8438469305625231e+00 1.4431107129070244e+02 2.9255896591776853e+01
    2.9504596306909929e+02 -1.1120342081118165e-01
    -3.9449307539406547e-01 3.0430905884676216e+00
    1.1012512282830141e+02 6.0486451874640068e+01 2.3603972684117798e+02
    -1.0227415729792819e-01 -9.0141872341367064e-03
    -1.5528001162232030e+00 2.8123353518008695e+01
    9.3172183101129477e+01 3.0988260781806139e+02
    -2.0169419386512480e-01 1.0034422822333549e+00
    2.8881812424712701e+00 9.8529353008811441e+01 1.5899813997803374e+01
    2.4662104782555761e+02 -3.2251263790404588e-01
    4.1525255036137854e-01 1.4089174215897597e+00 3.7088647159844591e+01
    -1.1843161255782142e+02 3.4739854097675578e+02</data></extrinsic_parameters>
<image_points type_id="opencv-matrix">
  <rows>10</rows>
  <cols>54</cols>
  <dt>"2f"</dt>
  <data>
    9.36332336e+02 3.20617188e+02 1.14008228e+03 4.09152252e+02
    1.34167627e+03 4.95975281e+02 1.53869104e+03 5.80341858e+02
    1.73304309e+03 6.61637939e+02 1.92346948e+03 7.42337708e+02
    2.11458667e+03 8.20427490e+02 2.30327197e+03 8.99625244e+02
    2.49189771e+03 9.76660339e+02 8.43508057e+02 4.90902893e+02
    1.05544312e+03 5.82552368e+02 1.26223169e+03 6.69771790e+02
    1.46586890e+03 7.54456543e+02 1.66390137e+03 8.37107117e+02
    1.86043286e+03 9.18210876e+02 2.05573096e+03 9.98044373e+02
    2.25063696e+03 1.07709705e+03 2.44410767e+03 1.15630261e+03
    7.47094849e+02 6.75091736e+02 9.65221375e+02 7.65304810e+02
    1.17917847e+03 8.52056519e+02 1.38804724e+03 9.37165588e+02
    1.59301843e+03 1.02044312e+03 1.79408203e+03 1.10246216e+03
    1.99584912e+03 1.18236938e+03 2.19571143e+03 1.26342188e+03
    2.39592993e+03 1.34545605e+03 6.42738708e+02 8.67625488e+02
    8.68538574e+02 9.57176331e+02 1.08921826e+03 1.04460632e+03
    1.30601782e+03 1.13048047e+03 1.51645056e+03 1.21441663e+03
    1.72561646e+03 1.29618542e+03 1.93270117e+03 1.37861072e+03
    2.13884814e+03 1.46172546e+03 2.34435059e+03 1.54520728e+03
    5.31212830e+02 1.06887952e+03 7.64902893e+02 1.15970349e+03
    9.93852661e+02 1.24742847e+03 1.21785986e+03 1.33381360e+03
    1.43628516e+03 1.41853516e+03 1.65192639e+03 1.50186462e+03
    1.86564197e+03 1.58653870e+03 2.07816577e+03 1.67265027e+03
    2.29081543e+03 1.75772571e+03 4.12994751e+02 1.28329504e+03
    6.53179382e+02 1.37445142e+03 8.90945007e+02 1.46335327e+03
    1.12339966e+03 1.55032532e+03 1.35015698e+03 1.63603882e+03
    1.57353345e+03 1.72177954e+03 1.79577209e+03 1.80888733e+03
    2.01730725e+03 1.89642810e+03 2.23736206e+03 1.98494922e+03
    5.13046326e+02 4.28802155e+02 7.74398376e+02 4.24591797e+02
    1.03595776e+03 4.20467346e+02 1.29583887e+03 4.14461182e+02
    1.55298718e+03 4.07639557e+02 1.80968665e+03 4.01298309e+02
    2.06858496e+03 3.92056000e+02 2.32808423e+03 3.86655029e+02
    2.58871167e+03 3.77818390e+02 4.60711365e+02 6.24138184e+02
    7.38502014e+02 6.22020020e+02 1.01339740e+03 6.17093384e+02
    1.28640161e+03 6.11699646e+02 1.55526392e+03 6.04920471e+02
    1.82401196e+03 5.97477844e+02 2.09540869e+03 5.89411682e+02
    2.36941895e+03 5.79649902e+02 2.64301587e+03 5.71757690e+02
    4.08571167e+02 8.47393188e+02 6.99438416e+02 8.42505737e+02
    9.88954102e+02 8.34784912e+02 1.27485803e+03 8.27531433e+02
    1.55768262e+03 8.19650391e+02 1.84005957e+03 8.12271179e+02
    2.12612671e+03 8.01052734e+02 2.41358057e+03 7.91657959e+02
    2.70376855e+03 7.82754211e+02 3.46785828e+02 1.09271875e+03
    6.53687561e+02 1.08454883e+03 9.59705383e+02 1.07565527e+03
    1.26323279e+03 1.06648010e+03 1.55965381e+03 1.05851880e+03
    1.85795251e+03 1.04654968e+03 2.15948828e+03 1.03648083e+03
    2.46456665e+03 1.02717310e+03 2.77388745e+03 1.02085938e+03
    2.75403595e+02 1.36354163e+03 6.00844177e+02 1.35473242e+03
    9.25367920e+02 1.34221741e+03 1.24745764e+03 1.33139575e+03
    1.56324646e+03 1.32092615e+03 1.87827429e+03 1.31009937e+03
    2.19946289e+03 1.30177234e+03 2.52444482e+03 1.29348853e+03
    2.85268091e+03 1.28660510e+03 1.97362640e+02 1.66812415e+03
    5.39036804e+02 1.65819409e+03 8.85859863e+02 1.64509973e+03
    1.22793140e+03 1.63000061e+03 1.56544910e+03 1.61716968e+03
    1.90307910e+03 1.60681885e+03 2.24547168e+03 1.59865649e+03
    2.59631372e+03 1.59182288e+03 2.94608276e+03 1.58636279e+03
    1.02142090e+03 2.26461182e+03 1.02060498e+03 1.91030347e+03
    1.01990894e+03 1.59694348e+03 1.01815576e+03 1.31926306e+03
    1.01465436e+03 1.07162683e+03 1.01085602e+03 8.48044983e+02
    1.00537848e+03 6.42453674e+02 1.00131403e+03 4.55828796e+02
    9.96946411e+02 2.83761047e+02 1.37552966e+03 2.22321680e+03
    1.35197791e+03 1.87997729e+03 1.33269592e+03 1.57822803e+03
    1.31448914e+03 1.30979272e+03 1.29698364e+03 1.06952441e+03
    1.27966113e+03 8.51514648e+02 1.26382190e+03 6.50607666e+02
    1.24836682e+03 4.66153564e+02 1.23463196e+03 2.96554321e+02
    1.70566089e+03 2.18781738e+03 1.66331287e+03 1.85452673e+03
    1.62657129e+03 1.56106934e+03 1.59332849e+03 1.29968652e+03
    1.56301660e+03 1.06622839e+03 1.53562988e+03 8.52982544e+02
    1.50898364e+03 6.55171448e+02 1.48551086e+03 4.73354736e+02
    1.46204504e+03 3.07795410e+02 2.02087671e+03 2.15410742e+03
    1.95939673e+03 1.83208118e+03 1.90644739e+03 1.54538989e+03
    1.86022217e+03 1.29149402e+03 1.81896631e+03 1.06197888e+03
    1.78098145e+03 8.51611877e+02 1.74654565e+03 6.56999023e+02
    1.71318494e+03 4.80461884e+02 1.68301013e+03 3.17403687e+02
    2.32042090e+03 2.12443896e+03 2.24340747e+03 1.81184351e+03
    2.17658203e+03 1.53234021e+03 2.11708228e+03 1.28262549e+03
    2.06418262e+03 1.05750000e+03 2.01807263e+03 8.49837830e+02
    1.97258337e+03 6.61701477e+02 1.93257397e+03 4.87661438e+02
