<?xml version="1.0"?>
<opencv_storage>
<calibration_time>"Mon 26 Feb 2018 00:30:01 CET"</calibration_time>
<nr_of_frames>20</nr_of_frames>
<image_width>640</image_width>
<image_height>480</image_height>
<board_width>9</board_width>
<board_height>6</board_height>
<square_size>26.</square_size>
<fix_aspect_ratio>1.</fix_aspect_ratio>
<!-- flags: +fix_aspectRatio +zero_tangent_dist +fix_k4 +fix_k5 -->
<flags>6154</flags>
<fisheye_model>0</fisheye_model>
<camera_matrix type_id="opencv-matrix">
  <rows>3</rows>
  <cols>3</cols>
  <dt>d</dt>
  <data>
    5.0112716692820243e+02 0. 3.2212126913175564e+02 0.
    5.0112716692820243e+02 2.3870825737410973e+02 0. 0. 1.</data></camera_matrix>
<distortion_coefficients type_id="opencv-matrix">
  <rows>5</rows>
  <cols>1</cols>
  <dt>d</dt>
  <data>
    1.8952100965737673e-01 -5.2176469311955498e-01 0. 0.
    4.3137205333765483e-01</data></distortion_coefficients>
<avg_reprojection_error>5.1834049486860667e-01</avg_reprojection_error>
<per_view_reprojection_errors type_id="opencv-matrix">
  <rows>20</rows>
  <cols>1</cols>
  <dt>f</dt>
  <data>
    3.10418099e-01 5.70262372e-01 4.41086739e-01 4.60865080e-01
    5.78029752e-01 4.50472146e-01 5.94689965e-01 3.44742715e-01
    3.50944757e-01 7.26936460e-01 3.82919222e-01 3.90978754e-01
    4.36124593e-01 3.02967578e-01 7.37637877e-01 4.41235185e-01
    5.57649493e-01 6.86777055e-01 7.51287341e-01 4.65324163e-01</data></per_view_reprojection_errors>
<!-- a set of 6-tuples (rotation vector + translation vector) for each view -->
<extrinsic_parameters type_id="opencv-matrix">
  <rows>20</rows>
  <cols>6</cols>
  <dt>d</dt>
  <data>
    -3.2402907885077059e-01 -1.3191954020895674e-01
    3.6463260428965355e-01 -8.6286083870574174e+01
    -1.0900358127803570e+02 3.1563320106509929e+02
    -5.1710720858867165e-01 4.6637845622608939e-03
    -2.9733027867690904e-02 -1.1398215621947742e+02
    -7.9614135845760359e+01 2.6271605584348225e+02
    -2.4178822108049486e-01 -5.5168559674167272e-01
    -1.6102714155623770e+00 -4.6703139405632299e+01
    7.6618855019009416e+01 1.9384903141005046e+02 2.1978057299727147e-01
    -2.3110361503376173e-02 -2.9061500902878046e+00
    8.7306134955905691e+01 8.9579533485514631e+01 2.7494459545282672e+02
    1.0361463363144249e-01 1.0817654064841117e-01
    -2.9968306784330538e+00 9.7649581569044486e+01
    9.4306092104472157e+01 2.3417834767165817e+02
    -5.9517456116867407e-01 -2.5405887666151900e-01
    2.8440670539649848e+00 1.4389282857887557e+02 3.0294545519062702e+01
    2.9659200850946621e+02 -1.1387348565783624e-01
    -3.9279794173447574e-01 3.0431765438522005e+00
    1.0991601468712179e+02 6.1264839788607063e+01 2.3740253767739074e+02
    3.9556708269098528e-01 -3.0602991271528307e-01
    -1.4629581653453942e+00 -1.3628700070360856e+02
    1.0334039494292301e+02 2.7453703325617454e+02
    -1.0304021967251516e-01 -9.0648695858335897e-03
    -1.5529848546055851e+00 2.7857829637825212e+01
    9.4402434854428861e+01 3.1180946935860868e+02
    -2.0293009353525690e-01 1.0085052872749538e+00
    2.8863604135433865e+00 9.8333569496484685e+01 1.6883273215991466e+01
    2.4811792396452458e+02 -3.2535576422215950e-01
    4.1785263939347134e-01 1.4090095921668360e+00 3.6911442211757681e+01
    -1.1710133321112500e+02 3.4968292713319613e+02
    -4.2000832223918882e-01 1.9525009325541368e-01
    9.0413863805320815e-01 -6.6466835795727164e+00
    -1.3549536025500817e+02 3.7562651723095598e+02
    5.9106925701225477e-01 4.7158604257893083e-01 2.8184350805402523e+00
    1.2376362017958795e+02 1.4221440726321831e+01 2.7877479255541874e+02
    3.7258482340287397e-01 -1.0347257610812170e-01
    -2.7387978093405714e+00 9.0933123373353638e+01
    1.0234132829195978e+02 3.5912932580691637e+02
    -4.9731841762977375e-01 -5.7131715748854339e-01
    -1.5580389119328919e+00 -7.1135251012001589e+01
    5.2867723824511579e+01 1.6598189646380297e+02
    -1.9770828047821886e-02 1.1476647250576397e-01
    -3.1121889525299498e+00 1.1307875381678306e+02
    6.2249875742453206e+01 2.9940883007497933e+02 7.4440961216466084e-01
    -4.6294008734474107e-01 -2.9991815646846454e+00
    1.0961615263806500e+02 6.6003902263023150e+01 2.8338747173377141e+02
    3.7508767850937055e-02 -9.9551066688380363e-01
    2.9147746048258232e+00 9.8796607291398431e+01 5.1158709246463026e+01
    2.8571882853107888e+02 4.5055335079907721e-01 9.6956396241022402e-01
    -2.8261253332663370e+00 8.8445425629586737e+01
    5.7543409586325403e+01 3.2590179742496264e+02 1.3928477204768516e-01
    5.9829199470817684e-01 -3.0521515473261478e+00
    1.3046650251275025e+02 6.4059661423059254e+01 3.0262052881981646e+02</data></extrinsic_parameters>
