<?xml version="1.0"?>
<opencv_storage>
<calibration_time>"Sun 25 Feb 2018 21:50:03 CET"</calibration_time>
<nr_of_frames>30</nr_of_frames>
<image_width>320</image_width>
<image_height>240</image_height>
<board_width>9</board_width>
<board_height>6</board_height>
<square_size>26.</square_size>
<fix_aspect_ratio>1.</fix_aspect_ratio>
<!-- flags: +fix_aspectRatio +zero_tangent_dist +fix_k4 +fix_k5 -->
<flags>6154</flags>
<fisheye_model>0</fisheye_model>
<camera_matrix type_id="opencv-matrix">
  <rows>3</rows>
  <cols>3</cols>
  <dt>d</dt>
  <data>
    2.5067068383673015e+02 0. 1.6069946872671605e+02 0.
    2.5067068383673015e+02 1.1919360642088448e+02 0. 0. 1.</data></camera_matrix>
<distortion_coefficients type_id="opencv-matrix">
  <rows>5</rows>
  <cols>1</cols>
  <dt>d</dt>
  <data>
    2.0052721400485637e-01 -5.4474460430859717e-01 0. 0.
    4.2203070719401570e-01</data></distortion_coefficients>
<avg_reprojection_error>3.5743392942514557e-01</avg_reprojection_error>
<per_view_reprojection_errors type_id="opencv-matrix">
  <rows>30</rows>
  <cols>1</cols>
  <dt>f</dt>
  <data>
    1.65508673e-01 2.76196092e-01 2.34692529e-01 2.33545795e-01
    2.93315828e-01 2.32278302e-01 3.04953039e-01 1.84475854e-01
    2.00094774e-01 6.91531122e-01 1.96576670e-01 2.20687538e-01
    2.45404705e-01 1.57623038e-01 1.22806525e+00 2.33055249e-01
    2.85626024e-01 3.44203115e-01 3.74636173e-01 2.34763548e-01
    1.43430069e-01 2.26640835e-01 3.25720996e-01 3.84204686e-01
    2.35763401e-01 1.47164688e-01 4.77030516e-01 1.06862590e-01
    2.03946620e-01 1.42632857e-01</data></per_view_reprojection_errors>
<!-- a set of 6-tuples (rotation vector + translation vector) for each view -->
<extrinsic_parameters type_id="opencv-matrix">
  <rows>30</rows>
  <cols>6</cols>
  <dt>d</dt>
  <data>
    -3.2373250938161896e-01 -1.3116971419712864e-01
    3.6464192657115269e-01 -8.6152426942979034e+01
    -1.0912126987439645e+02 3.1601329069676160e+02
    -5.1710713772450900e-01 4.4862009659907415e-03
    -2.9533668615245565e-02 -1.1388917075675587e+02
    -7.9724880099523446e+01 2.6300902286810549e+02
    -2.4273366463094748e-01 -5.5153858715473814e-01
    -1.6105292065913788e+00 -4.6580916725707247e+01
    7.6527400550400074e+01 1.9411513222702976e+02 2.2179612870840062e-01
    -2.3397667640931721e-02 -2.9060601022695964e+00
    8.7378525967417985e+01 8.9482190863420158e+01 2.7545094627291115e+02
    1.0450459282054893e-01 1.0851811191215539e-01
    -2.9970664696008389e+00 9.7731759698036726e+01
    9.4180119461187019e+01 2.3459007128344689e+02
    -5.9704678109958664e-01 -2.5413815627652503e-01
    2.8433523459597745e+00 1.4390721249451411e+02 3.0140670316482403e+01
    2.9703368166130917e+02 -1.1415216127394781e-01
    -3.9286671191764871e-01 3.0429220016498069e+00
    1.1000632801507113e+02 6.1158283828743187e+01 2.3774256455531682e+02
    3.9556466572189541e-01 -3.0595783146765121e-01
    -1.4630371712650634e+00 -1.3614324191396904e+02
    1.0323540090907002e+02 2.7489333220078447e+02
    -1.0310876008673389e-01 -9.1226315500890533e-03
    -1.5532055096135089e+00 2.8021821222214736e+01
    9.4292102283223727e+01 3.1224799729662516e+02
    -1.9922180353340108e-01 9.9764642356218325e-01
    2.8889605517435339e+00 9.8393313154800566e+01 1.6634913419026411e+01
    2.4868393211778709e+02 -3.2526232893153090e-01
    4.1840982726491494e-01 1.4103558138890155e+00 3.7231406526040608e+01
    -1.1716785663470658e+02 3.4995034659898164e+02
    -4.1800504068386213e-01 1.9527778733638385e-01
    9.0498700025759526e-01 -6.4006440186339582e+00
    -1.3575406977791118e+02 3.7582752293645342e+02
    5.8946960574226670e-01 4.6895965770590436e-01 2.8192017481884446e+00
    1.2399419887461595e+02 1.4139348097897530e+01 2.7947381024037418e+02
    3.7403645310112688e-01 -1.0223105860990502e-01
    -2.7392016130600645e+00 9.1085746613353223e+01
    1.0214434062608677e+02 3.5964175503562382e+02
    -4.8915214374417043e-01 -5.5796077811764389e-01
    -1.5629615635610918e+00 -7.0990900304663143e+01
    5.3494597574985647e+01 1.6752073554201581e+02
    -1.9432375667778123e-02 1.1569916870119815e-01
    -3.1121548958786063e+00 1.1321175619819682e+02
    6.2148110113483000e+01 2.9992085573663047e+02 7.4422172512996465e-01
    -4.6241353206569097e-01 -2.9995013893588602e+00
    1.0971717842441024e+02 6.5892516939432170e+01 2.8366762426210579e+02
    3.8042600974585394e-02 -9.9539696825459223e-01
    2.9146702760589065e+00 9.8910391973431587e+01 5.1070752090154464e+01
    2.8599286610996631e+02 4.4995910468427869e-01 9.6978690662525491e-01
    -2.8263224576976502e+00 8.8586807928490913e+01
    5.7445703375220333e+01 3.2617272031541586e+02 1.3985795880869023e-01
    5.9871241122199448e-01 -3.0520533515626367e+00
    1.3057631408803258e+02 6.3933423304404251e+01 3.0303440189554067e+02
    8.1373319244557180e-02 3.1935057753461910e-01
    -2.6669572528492207e+00 1.0343245163094528e+02
    1.1715456628493891e+02 3.5640023013374525e+02 5.8278470754022393e-01
    -5.8928708941850094e-01 2.8793333154561762e+00
    1.1435415264369074e+02 5.4333314790391668e+01 2.5264097268705672e+02
    -5.4506632605840954e-01 2.7986539750697331e-01
    -3.0588795229721661e+00 5.5299284461810373e+01
    7.8344458562607841e+01 1.9103262928814470e+02
    -4.6390789396794987e-02 -9.5223358602343322e-01
    2.7764968747877945e+00 1.3241068679117646e+02 5.4179516092632888e+01
    2.8529387782719800e+02 -5.4520518125697204e-01
    -3.6506525270358181e-01 -2.7018290821593443e+00
    5.1574532920780037e+01 1.0040046288996655e+02 2.5844559375548931e+02
    -1.8969103003743010e-01 8.7515807820200981e-03
    3.0593834013714760e+00 8.3390968743321523e+01 3.9505477513871305e+01
    4.0627844379454666e+02 -2.0936271983621871e-01
    4.8571198624729134e-01 -1.8084636014383706e+00
    5.6863934783402854e+01 7.2909781414679642e+01 4.4687386044896499e+02
    3.2644002504246100e-01 1.9444216329736107e-02
    -1.5945352517905957e+00 -2.1218837284228303e+02
    6.1317026826460534e+01 4.0660288412263822e+02
    -1.2810769920110904e-01 9.7087642813564834e-01
    -2.9131315765308696e+00 1.1250213125788717e+02
    1.1840184084330723e+01 3.4417858366262959e+02
    -3.5632839185096093e-01 -3.9314700523456375e-01
    -2.9091030228113985e+00 1.8346264126753437e+02
    -2.8036971491941181e+01 3.7068572043692848e+02</data></extrinsic_parameters>
