<?xml version="1.0"?>
<opencv_storage>
<calibration_time>"Mon 26 Feb 2018 01:26:43 CET"</calibration_time>
<nr_of_frames>40</nr_of_frames>
<image_width>3280</image_width>
<image_height>2464</image_height>
<board_width>9</board_width>
<board_height>6</board_height>
<square_size>26.</square_size>
<fix_aspect_ratio>1.</fix_aspect_ratio>
<!-- flags: +fix_aspectRatio +zero_tangent_dist +fix_k4 +fix_k5 -->
<flags>6154</flags>
<fisheye_model>0</fisheye_model>
<camera_matrix type_id="opencv-matrix">
  <rows>3</rows>
  <cols>3</cols>
  <dt>d</dt>
  <data>
    2.5660392113090379e+03 0. 1.6525832485055842e+03 0.
    2.5660392113090379e+03 1.2297952280794334e+03 0. 0. 1.</data></camera_matrix>
<distortion_coefficients type_id="opencv-matrix">
  <rows>5</rows>
  <cols>1</cols>
  <dt>d</dt>
  <data>
    1.9556712262608963e-01 -5.0487162996292445e-01 0. 0.
    3.7414135026549999e-01</data></distortion_coefficients>
<avg_reprojection_error>2.1043857025187971e+00</avg_reprojection_error>
<per_view_reprojection_errors type_id="opencv-matrix">
  <rows>40</rows>
  <cols>1</cols>
  <dt>f</dt>
  <data>
    1.60326743e+00 2.97941017e+00 2.19400692e+00 2.39455581e+00
    3.02238655e+00 2.34440827e+00 3.12524295e+00 1.83332431e+00
    3.82464623e+00 1.99642849e+00 1.99694395e+00 2.23597598e+00
    1.50613856e+00 3.74519587e+00 2.35080314e+00 2.86343932e+00
    3.83542895e+00 2.29363871e+00 1.40643346e+00 3.44947267e+00
    1.79509604e+00 1.43827856e+00 9.41866636e-01 2.01969314e+00
    1.13564515e+00 6.05199099e-01 7.99559832e-01 1.43609118e+00
    9.53346074e-01 9.44064558e-01 9.95137095e-01 8.58878791e-01
    7.09118187e-01 1.24585950e+00 1.60434473e+00 1.35703444e+00
    1.84317267e+00 1.68697286e+00 1.94888985e+00 1.12196875e+00</data></per_view_reprojection_errors>
<!-- a set of 6-tuples (rotation vector + translation vector) for each view -->
<extrinsic_parameters type_id="opencv-matrix">
  <rows>40</rows>
  <cols>6</cols>
  <dt>d</dt>
  <data>
    -3.2423523346966121e-01 -1.3158990778418433e-01
    3.6457547754281144e-01 -8.6281681284613782e+01
    -1.0923532771057120e+02 3.1580693028244036e+02
    -5.1735812644426493e-01 5.1771091546365840e-03
    -2.9799958916503881e-02 -1.1395219919512944e+02
    -7.9737033808984719e+01 2.6290178749047334e+02
    -2.4073581058975849e-01 -5.5112960922816134e-01
    -1.6099837233545471e+00 -4.6724088946366898e+01
    7.6476988271306880e+01 1.9405313805138289e+02 2.1838132822781300e-01
    -2.3249565955063226e-02 -2.9063335158349850e+00
    8.7366169290475497e+01 8.9353200999755231e+01 2.7501029873535464e+02
    1.0177118186950462e-01 1.0903359496778278e-01
    -2.9966193115023407e+00 9.7665926468556691e+01
    9.4183529421741468e+01 2.3424232847668412e+02
    -5.9351809098290342e-01 -2.5552485562203486e-01
    2.8443710779794644e+00 1.4396653747382470e+02 3.0125053728697100e+01
    2.9673876990063843e+02 -1.1188338038566117e-01
    -3.9541599943027717e-01 3.0431965847883675e+00
    1.0992530547907910e+02 6.1141779406750288e+01 2.3748956000630145e+02
    -1.0355160835297998e-01 -8.2526755182414958e-03
    -1.5528858804910508e+00 2.7882699590735921e+01
    9.4155673750107397e+01 3.1207460143557500e+02
    -2.0278124664085553e-01 1.0083470379062105e+00
    2.8863988054182168e+00 9.8319118802905834e+01 1.6671213136066548e+01
    2.4831517252235074e+02 -3.2514659317361616e-01
    4.1700465341920501e-01 1.4081944607315924e+00 3.6810320051526823e+01
    -1.1735943984754749e+02 3.4974547608157701e+02
    -4.1988974507005816e-01 1.9422812906688927e-01
    9.0372107603055385e-01 -6.6821444688861904e+00
    -1.3574702003229223e+02 3.7570811252850336e+02
    5.8995300203105205e-01 4.7191855375404246e-01 2.8189740469910767e+00
    1.2383237794536041e+02 1.4005730066088260e+01 2.7904375037763799e+02
    3.7262429119627372e-01 -1.0407479721149124e-01
    -2.7385001821381727e+00 9.0942551987490418e+01
    1.0210454241264415e+02 3.5919361116509555e+02
    -4.9668529777876891e-01 -5.7030322791876764e-01
    -1.5566534032400996e+00 -7.1307765881822888e+01
    5.2725901881269785e+01 1.6620344178101342e+02
    -1.8885088879480628e-02 1.1499319948746639e-01
    -3.1119931935336465e+00 1.1309233435838189e+02
    6.2030695783253016e+01 2.9961753162867632e+02 7.4446462481106201e-01
    -4.6324212544407972e-01 -2.9992601461108537e+00
    1.0962762213003469e+02 6.5800673534408460e+01 2.8355751030037413e+02
    4.4957119613530794e-01 9.7158983611678196e-01
    -2.8255612452947361e+00 8.8469324520656855e+01
    5.7328128262500812e+01 3.2607477906046660e+02 1.3820918819829811e-01
    6.0034585862091316e-01 -3.0517958511898504e+00
    1.3048035074752897e+02 6.3857737024210607e+01 3.0276480679800534e+02
    8.0405348381106620e-02 3.2002750958905629e-01
    -2.6668249181577748e+00 1.0330531612974730e+02
    1.1702275543890921e+02 3.5618222625548697e+02 5.8175759068779442e-01
    -5.9210590848765343e-01 2.8793398584245558e+00
    1.1427289901984054e+02 5.4286690222429776e+01 2.5286622326453553e+02
    -5.4809684265919123e-01 -3.6539759154063833e-01
    -2.7011631801260543e+00 5.1386381555116721e+01
    1.0024529784946894e+02 2.5804867802568941e+02
    -1.9059263692915668e-01 9.2458657483206353e-03
    3.0592608070868237e+00 8.3247938920912816e+01 3.9324285390430013e+01
    4.0600046599715864e+02 3.2321045234427354e-01 1.9279158490833167e-02
    -1.5949841689672566e+00 -2.1235794635043149e+02
    6.1168643281172216e+01 4.0642394292057054e+02
    -1.3012014316179940e-01 9.6912344958792251e-01
    -2.9131279959529603e+00 1.1233366910016065e+02
    1.1876604547380166e+01 3.4384362395828953e+02
    -3.5753575103090895e-01 -3.9181991394571186e-01
    -2.9089405660973897e+00 1.8332703205800098e+02
    -2.8364636052472999e+01 3.7050749069798343e+02
    4.5629856178377087e-01 -5.7258697073823125e-02
    -1.4783855085369588e+00 -2.3901819850757954e+02
    4.7504578805082623e+01 4.5013395372325442e+02 2.2913316025194982e-01
    6.2887814289479360e-01 3.0701965487370364e+00 2.3125392534499156e+02
    1.5997194477559799e+02 4.1153846558385783e+02 9.0851238820189709e-02
    1.7477774669085330e-01 3.0302681149899109e+00 1.1829632509388523e+02
    7.8331698130071118e+01 3.0838293217960108e+02
    -1.1605421651852518e-01 -7.9603948349958223e-02
    -1.6279136026921732e+00 -1.7496900456716401e+02
    1.2138259562751790e+02 3.3440568550518702e+02 2.4048521598242032e-02
    1.1759373908678436e-01 -1.4902222959752141e+00
    -1.1241619747105010e+02 1.1745186767906324e+02
    3.8447577298447737e+02 -2.9074445735698301e-01
    2.6705085280831836e-01 -1.2110909658284981e+00
    -1.2717090643199535e+02 2.2418348690997291e+01
    4.2094988823905032e+02 1.4227325186853740e-01 4.7475647157402512e-01
    -1.7201608433550342e+00 6.4870932624802379e+01
    8.0826278768437149e+01 4.3804308303967815e+02
    -1.0483713103766702e-02 1.0026071442238631e-01
    -8.0841341378028397e-02 -9.9146239445153469e+01
    -7.1425549418465650e+01 5.0109920036576324e+02
    1.1919486245700867e-01 2.4899870343114369e-01 2.4489406008818122e+00
    1.1004401073265230e+02 1.1616158703782324e+01 3.4468299935180829e+02
    9.1794410781343927e-02 -8.6595101871634472e-01
    3.0011013826622359e+00 1.0363788487181880e+02 2.0615338261636630e+01
    3.1163728202088180e+02 8.1517815530144394e-02 3.7995300328522261e-02
    -2.3472547244789403e+00 2.1896474626367841e+01
    1.2167071419207095e+02 3.6227548291966195e+02 3.1174012826082925e-01
    4.8369415549141787e-01 -3.0047247994844208e+00
    6.7164211889837915e+01 1.2303715866926204e+02 3.3295721611982810e+02
    1.8617764820670316e-01 7.3556836569428755e-02
    -3.0420337306412883e+00 3.3748110373111118e+01
    1.1609965383494443e+02 3.1528468525018383e+02
    -1.1343126556187415e-01 -1.4977937955999446e-01
    1.2039631560949919e-01 -1.1774535313125067e+02
    -1.1226206126734208e+02 2.6352452772212655e+02
    -4.4112162928984823e-02 -2.4432749838849852e-01
    -1.6005281734051804e+00 -1.7067731881030548e+02
