<?xml version="1.0"?>
<opencv_storage>
<calibration_time>"Mon 26 Feb 2018 01:12:55 CET"</calibration_time>
<nr_of_frames>30</nr_of_frames>
<image_width>3280</image_width>
<image_height>2464</image_height>
<board_width>9</board_width>
<board_height>6</board_height>
<square_size>26.</square_size>
<fix_aspect_ratio>1.</fix_aspect_ratio>
<!-- flags: +fix_aspectRatio +zero_tangent_dist +fix_k4 +fix_k5 -->
<flags>6154</flags>
<fisheye_model>0</fisheye_model>
<camera_matrix type_id="opencv-matrix">
  <rows>3</rows>
  <cols>3</cols>
  <dt>d</dt>
  <data>
    2.5674465878810688e+03 0. 1.6521253339104555e+03 0.
    2.5674465878810688e+03 1.2274414115845350e+03 0. 0. 1.</data></camera_matrix>
<distortion_coefficients type_id="opencv-matrix">
  <rows>5</rows>
  <cols>1</cols>
  <dt>d</dt>
  <data>
    1.9304379845996461e-01 -4.9837942613869463e-01 0. 0.
    3.6783226919873130e-01</data></distortion_coefficients>
<avg_reprojection_error>2.2903681149088646e+00</avg_reprojection_error>
<per_view_reprojection_errors type_id="opencv-matrix">
  <rows>30</rows>
  <cols>1</cols>
  <dt>f</dt>
  <data>
    1.57831621e+00 2.97829103e+00 2.15593433e+00 2.42876554e+00
    3.06170845e+00 2.34730530e+00 3.16695905e+00 1.82581747e+00
    3.81793404e+00 1.98291087e+00 1.98125350e+00 2.25588655e+00
    1.51287246e+00 3.71296215e+00 2.35190344e+00 2.86584044e+00
    3.82512116e+00 2.28827381e+00 1.41543543e+00 3.39760208e+00
    1.78966188e+00 1.46618354e+00 9.24716234e-01 2.03381872e+00
    1.13741422e+00 5.76406360e-01 8.03153753e-01 1.42067420e+00
    9.64717925e-01 9.47030604e-01</data></per_view_reprojection_errors>
<!-- a set of 6-tuples (rotation vector + translation vector) for each view -->
<extrinsic_parameters type_id="opencv-matrix">
  <rows>30</rows>
  <cols>6</cols>
  <dt>d</dt>
  <data>
    -3.2479043726676543e-01 -1.3177397677062350e-01
    3.6463394320257131e-01 -8.6227668443272208e+01
    -1.0896356987564161e+02 3.1593954486399059e+02
    -5.1799203527552429e-01 5.1955330380967597e-03
    -2.9773697209704356e-02 -1.1391129199991589e+02
    -7.9515003503680575e+01 2.6301510296429535e+02
    -2.4117401668463490e-01 -5.5156467550036170e-01
    -1.6097807380886768e+00 -4.6688928111014881e+01
    7.6661963757280617e+01 1.9412157096390337e+02 2.1847539410115235e-01
    -2.3308812292870067e-02 -2.9062387119228466e+00
    8.7403116068253155e+01 8.9596253904609611e+01 2.7508836372644618e+02
    1.0174481061689414e-01 1.0897746863412590e-01
    -2.9965869498033313e+00 9.7701327250454426e+01
    9.4386019281086263e+01 2.3429434369846962e+02
    -5.9346600536155258e-01 -2.5496721150480384e-01
    2.8446616776904663e+00 1.4400689544755178e+02 3.0377768649486221e+01
    2.9678064526611325e+02 -1.1186928674142849e-01
    -3.9522696483073050e-01 3.0432510410474363e+00
    1.0996063003594425e+02 6.1336998784396819e+01 2.3752563977266018e+02
    -1.0398001335320434e-01 -7.7455949362252577e-03
    -1.5528922662731488e+00 2.7941540767170544e+01
    9.4442051357649717e+01 3.1222603712572015e+02
    -2.0287945405585003e-01 1.0094955860349377e+00
    2.8860941020518807e+00 9.8362155006909020e+01 1.6902721548689136e+01
    2.4836662578540933e+02 -3.2557766720862819e-01
    4.1743214613485763e-01 1.4081258906018930e+00 3.6864278228172203e+01
    -1.1706558905476768e+02 3.4995144844290019e+02
    -4.2038300427932951e-01 1.9450327843172346e-01
    9.0370911683861099e-01 -6.6237603300025629e+00
    -1.3543313383727633e+02 3.7591996452968630e+02
    5.9054321613473559e-01 4.7307519972056050e-01 2.8185452116722769e+00
    1.2386111909697493e+02 1.4259579089167509e+01 2.7906432016977044e+02
    3.7250040643915894e-01 -1.0455269617212989e-01
    -2.7383554808237722e+00 9.0990621037289372e+01
    1.0242364706856540e+02 3.5927637530787513e+02
    -4.9723020727609524e-01 -5.7082081129374673e-01
    -1.5564420735344859e+00 -7.1277776616864060e+01
    5.2879100581112574e+01 1.6625234655739047e+02
    -1.9035810033105269e-02 1.1536467371490754e-01
    -3.1119956241360414e+00 1.1314459069608377e+02
    6.2296799293458385e+01 2.9971924533659205e+02 7.4446238543299492e-01
    -4.6425560378314912e-01 -2.9988507006632630e+00
    1.0966037499106093e+02 6.6053342246951729e+01 2.8357995163714764e+02
    4.4930408719276926e-01 9.7060871606950494e-01
    -2.8258380498239597e+00 8.8516774407382016e+01
    5.7604118781904454e+01 3.2608228644082999e+02 1.3806941962713026e-01
    5.9980443314340104e-01 -3.0518743006931142e+00
    1.3052575426995980e+02 6.4111056939077869e+01 3.0279986052094119e+02
    8.0166097809335909e-02 3.1974730888398178e-01
    -2.6668465082708859e+00 1.0336128016397637e+02
    1.1732667013516915e+02 3.5625539343757157e+02 5.8183858241071740e-01
    -5.9118118732575464e-01 2.8792873168062312e+00
    1.1432214040579186e+02 5.4505977232350929e+01 2.5289220416716356e+02
    -5.4837338636132138e-01 -3.6645597180730122e-01
    -2.7011293555234879e+00 5.1440118398582733e+01
    1.0048188737415643e+02 2.5812224606960274e+02
    -1.9113176704477119e-01 9.0106897337579300e-03
    3.0593163568276447e+00 8.3309745151193297e+01 3.9690824594922866e+01
    4.0618625997245431e+02 3.2331930565612038e-01 1.9858106263538962e-02
    -1.5948605274616261e+00 -2.1226701485246519e+02
    6.1523175237360249e+01 4.0648391272292929e+02
    -1.3030007963776921e-01 9.6770912201563797e-01
    -2.9136420556130376e+00 1.1238622280954306e+02
    1.2190731824678219e+01 3.4383875849516301e+02
    -3.5852703077110515e-01 -3.9215028931586771e-01
    -2.9087968369831674e+00 1.8337298991186438e+02
    -2.8011935360602575e+01 3.7054283131164379e+02
    4.5559824851056152e-01 -5.6315543186237993e-02
    -1.4783343774401594e+00 -2.3892160395869882e+02
    4.7899917360162824e+01 4.5020448064759273e+02 2.3018299597704386e-01
    6.3061934955909305e-01 3.0698060164030592e+00 2.3130086027304671e+02
    1.6032617040257949e+02 4.1153694213768046e+02 9.1003010418919505e-02
    1.7511918680676017e-01 3.0302152455767231e+00 1.1835278147238353e+02
    7.8616479880283777e+01 3.0849054760497717e+02
    -1.1573814587273992e-01 -8.0234252494950725e-02
    -1.6279160717709771e+00 -1.7491176838586259e+02
    1.2168878197692183e+02 3.3447282008820190e+02 2.4172852192898157e-02
    1.1745700590833855e-01 -1.4902607499327125e+00
    -1.1234634033816344e+02 1.1778946899036042e+02
    3.8459014121973007e+02</data></extrinsic_parameters>
