<?xml version="1.0"?>
<opencv_storage>
<calibration_time>"Sun 25 Feb 2018 21:47:07 CET"</calibration_time>
<nr_of_frames>20</nr_of_frames>
<image_width>320</image_width>
<image_height>240</image_height>
<board_width>9</board_width>
<board_height>6</board_height>
<square_size>26.</square_size>
<fix_aspect_ratio>1.</fix_aspect_ratio>
<!-- flags: +fix_aspectRatio +zero_tangent_dist +fix_k4 +fix_k5 -->
<flags>6154</flags>
<fisheye_model>0</fisheye_model>
<camera_matrix type_id="opencv-matrix">
  <rows>3</rows>
  <cols>3</cols>
  <dt>d</dt>
  <data>
    2.5055157286552264e+02 0. 1.6067640729954411e+02 0.
    2.5055157286552264e+02 1.1921629062199617e+02 0. 0. 1.</data></camera_matrix>
<distortion_coefficients type_id="opencv-matrix">
  <rows>5</rows>
  <cols>1</cols>
  <dt>d</dt>
  <data>
    2.0238752778998362e-01 -5.6937564564842902e-01 0. 0.
    4.8384652485328322e-01</data></distortion_coefficients>
<avg_reprojection_error>3.9546951983014472e-01</avg_reprojection_error>
<per_view_reprojection_errors type_id="opencv-matrix">
  <rows>20</rows>
  <cols>1</cols>
  <dt>f</dt>
  <data>
    1.64918169e-01 2.76365519e-01 2.33444959e-01 2.33380169e-01
    2.93442398e-01 2.32805893e-01 3.03571701e-01 1.81685492e-01
    2.00360596e-01 6.91104174e-01 1.96235299e-01 2.20622152e-01
    2.45577723e-01 1.58068538e-01 1.22821510e+00 2.33035326e-01
    2.86375672e-01 3.43720734e-01 3.75702232e-01 2.35671043e-01</data></per_view_reprojection_errors>
<!-- a set of 6-tuples (rotation vector + translation vector) for each view -->
<extrinsic_parameters type_id="opencv-matrix">
  <rows>20</rows>
  <cols>6</cols>
  <dt>d</dt>
  <data>
    -3.2365135200843564e-01 -1.3123128243555698e-01
    3.6463626436380570e-01 -8.6124620619675113e+01
    -1.0915023761920601e+02 3.1585286788111961e+02
    -5.1693603236404273e-01 4.5219401966025575e-03
    -2.9516420954499363e-02 -1.1386737551050884e+02
    -7.9752972236610972e+01 2.6288802117312235e+02
    -2.4266258855340703e-01 -5.5139057268928149e-01
    -1.6105367392808985e+00 -4.6562173321355360e+01
    7.6510965056515658e+01 1.9400920814671818e+02 2.2173410768227589e-01
    -2.3414266793939053e-02 -2.9060747845885260e+00
    8.7403788314211795e+01 8.9457987156676381e+01 2.7531141661130641e+02
    1.0443849890724774e-01 1.0860204741881771e-01
    -2.9970727104361385e+00 9.7752491258677622e+01
    9.4159988857109099e+01 2.3447495274612132e+02
    -5.9671734022721568e-01 -2.5413407523300285e-01
    2.8433752588878618e+00 1.4394401434323080e+02 3.0115877102861948e+01
    2.9689699515260907e+02 -1.1403926637632691e-01
    -3.9257854062789699e-01 3.0429449456551758e+00
    1.1002798700213819e+02 6.1142620184044858e+01 2.3762218240899026e+02
    3.9535524960561447e-01 -3.0562382431849433e-01
    -1.4630875152473379e+00 -1.3613015079464100e+02
    1.0321038529712838e+02 2.7479071178651486e+02
    -1.0279736508421061e-01 -9.4169129490725492e-03
    -1.5531977760178195e+00 2.8050455526430738e+01
    9.4261917175338851e+01 3.1207111482761422e+02
    -1.9923234887824529e-01 9.9748539901272892e-01
    2.8890236623882828e+00 9.8416697171904303e+01 1.6614870666094923e+01
    2.4855275344541514e+02 -3.2514068809704966e-01
    4.1834434786254765e-01 1.4103995640563192e+00 3.7260892628217491e+01
    -1.1720125109532086e+02 3.4980031063372599e+02
    -4.1786886631788550e-01 1.9525009045190969e-01
    9.0501591759854472e-01 -6.3686107378325163e+00
    -1.3579118836736075e+02 3.7567037903966008e+02
    5.8963400436324243e-01 4.6884534442836573e-01 2.8192269710373030e+00
    1.2401691105922065e+02 1.4115215371049796e+01 2.7931149926898030e+02
    3.7383628528886043e-01 -1.0218691505728504e-01
    -2.7392385935529577e+00 9.1120991449902107e+01
    1.0211298907167655e+02 3.5948082822118909e+02
    -4.8902127131344064e-01 -5.5780686646825461e-01
    -1.5629673047651769e+00 -7.0974821192399702e+01
    5.3480507296178118e+01 1.6743131646571402e+02
    -1.9570927031242198e-02 1.1573038462423413e-01
    -3.1121550937453493e+00 1.1323817657572884e+02
    6.2122019760567966e+01 2.9977012501718963e+02 7.4403491324000159e-01
    -4.6234444122138257e-01 -2.9995676103009834e+00
    1.0974612166837738e+02 6.5866454183473877e+01 2.8353679454768019e+02
    3.8062592629086692e-02 -9.9544372643695744e-01
    2.9146407122170808e+00 9.8932865672391443e+01 5.1048531559050033e+01
    2.8587509383480790e+02 4.4990306889008891e-01 9.6992652731036078e-01
    -2.8263204049562263e+00 8.8614129978440076e+01
    5.7418355060387960e+01 3.2604844116172154e+02 1.3959626956734197e-01
    5.9862349537369519e-01 -3.0521175944608880e+00
    1.3060669798098058e+02 6.3912500139980082e+01 3.0289056363302888e+02</data></extrinsic_parameters>
