<?xml version="1.0"?>
<opencv_storage>
<calibration_time>"Mon 26 Feb 2018 00:31:13 CET"</calibration_time>
<nr_of_frames>30</nr_of_frames>
<image_width>640</image_width>
<image_height>480</image_height>
<board_width>9</board_width>
<board_height>6</board_height>
<square_size>26.</square_size>
<fix_aspect_ratio>1.</fix_aspect_ratio>
<!-- flags: +fix_aspectRatio +zero_tangent_dist +fix_k4 +fix_k5 -->
<flags>6154</flags>
<fisheye_model>0</fisheye_model>
<camera_matrix type_id="opencv-matrix">
  <rows>3</rows>
  <cols>3</cols>
  <dt>d</dt>
  <data>
    5.0142616687753417e+02 0. 3.2220404696759817e+02 0.
    5.0142616687753417e+02 2.3874990774768889e+02 0. 0. 1.</data></camera_matrix>
<distortion_coefficients type_id="opencv-matrix">
  <rows>5</rows>
  <cols>1</cols>
  <dt>d</dt>
  <data>
    1.8854557259318125e-01 -4.9917144391198953e-01 0. 0.
    3.6999118703116468e-01</data></distortion_coefficients>
<avg_reprojection_error>4.8618370677377387e-01</avg_reprojection_error>
<per_view_reprojection_errors type_id="opencv-matrix">
  <rows>30</rows>
  <cols>1</cols>
  <dt>f</dt>
  <data>
    3.12514573e-01 5.68414629e-01 4.45176393e-01 4.59652096e-01
    5.76157510e-01 4.49208945e-01 5.96456945e-01 3.50885779e-01
    3.48669291e-01 7.27702618e-01 3.84322435e-01 3.92061293e-01
    4.35670882e-01 3.01368326e-01 7.43552446e-01 4.40593600e-01
    5.55602372e-01 6.87392235e-01 7.48859048e-01 4.63250667e-01
    2.79075503e-01 4.46025163e-01 6.32323921e-01 7.36498296e-01
    3.41835350e-01 2.87537813e-01 2.39801928e-01 1.78184792e-01
    3.96850735e-01 2.15110511e-01</data></per_view_reprojection_errors>
<!-- a set of 6-tuples (rotation vector + translation vector) for each view -->
<extrinsic_parameters type_id="opencv-matrix">
  <rows>30</rows>
  <cols>6</cols>
  <dt>d</dt>
  <data>
    -3.2403586100928111e-01 -1.3182954638733460e-01
    3.6462415641507434e-01 -8.6336394809072971e+01
    -1.0902507852165928e+02 3.1584559242802612e+02
    -5.1721102918692907e-01 4.6120287515655891e-03
    -2.9762256303005084e-02 -1.1402082716514242e+02
    -7.9625112269793931e+01 2.6287370259654796e+02
    -2.4179359673295936e-01 -5.5181537157789917e-01
    -1.6103007411807972e+00 -4.6736198550271325e+01
    7.6598765458726362e+01 1.9399468739130165e+02 2.1987209259745130e-01
    -2.3080913865105909e-02 -2.9061500328727727e+00
    8.7263288042667043e+01 8.9557713809502275e+01 2.7513941976004145e+02
    1.0371181194427012e-01 1.0812207686224398e-01
    -2.9968277564658670e+00 9.7613298517296144e+01
    9.4287760337066800e+01 2.3434328316976510e+02
    -5.9563353682625908e-01 -2.5419080668228267e-01
    2.8439710936590838e+00 1.4383350586927122e+02 3.0271377064133389e+01
    2.9678876835875332e+02 -1.1402526331550157e-01
    -3.9320488322148245e-01 3.0431360963416227e+00
    1.0987867221193731e+02 6.1242419906278975e+01 2.3757546085160243e+02
    3.9590535382494141e-01 -3.0641129296309227e-01
    -1.4629084608951259e+00 -1.3631870211739658e+02
    1.0331725509907861e+02 2.7469910605117894e+02
    -1.0330447383098443e-01 -8.8659518223213104e-03
    -1.5529926629340807e+00 2.7805899240123495e+01
    9.4378441613224709e+01 3.1203643318266273e+02
    -2.0292116173649499e-01 1.0085005273315943e+00
    2.8863271260149612e+00 9.8292140113303006e+01 1.6858861493899070e+01
    2.4830587350659988e+02 -3.2543761511307301e-01
    4.1786233943471024e-01 1.4089638434117078e+00 3.6859632611027529e+01
    -1.1712053795808035e+02 3.4986864081890849e+02
    -4.2009809336743703e-01 1.9523382614684495e-01
    9.0410185783403085e-01 -6.7031839859731761e+00
    -1.3551417135892586e+02 3.7582363257095881e+02
    5.9075297911403257e-01 4.7150039282239320e-01 2.8184889291127271e+00
    1.2372472180536488e+02 1.4196853604392924e+01 2.7901345584709026e+02
    3.7289897977761699e-01 -1.0343145179296458e-01
    -2.7387789324074099e+00 9.0874171705432488e+01
    1.0231217285522897e+02 3.5936237797209145e+02
    -4.9737933756612818e-01 -5.7142849149116537e-01
    -1.5580716315347451e+00 -7.1163735087456956e+01
    5.2851760507630438e+01 1.6610731658453636e+02
    -1.9597700155605406e-02 1.1468389201835309e-01
    -3.1121867314081677e+00 1.1303094866304900e+02
    6.2225579622067208e+01 2.9961566603942885e+02 7.4469845885737185e-01
    -4.6282973803001259e-01 -2.9991741744195162e+00
    1.0956830687812652e+02 6.5982842492980737e+01 2.8358056903492798e+02
    3.7450336752004786e-02 -9.9567562017557476e-01
    2.9147519837130207e+00 9.8755616180343637e+01 5.1134057453042224e+01
    2.8589667226272655e+02 4.5070699452738194e-01 9.6962380051081298e-01
    -2.8260501863546659e+00 8.8396175098270078e+01
    5.7516823158152398e+01 3.2608981288952663e+02 1.3964710638523747e-01
    5.9854347533119212e-01 -3.0520468491372554e+00
    1.3041535847939807e+02 6.4031054393989194e+01 3.0283067592850603e+02
    8.0679219873633731e-02 3.1965653396414312e-01
    -2.6668469735428317e+00 1.0323040223857454e+02
    1.1725097758009201e+02 3.5622599392694997e+02 5.8270897718489079e-01
    -5.8977067288271023e-01 2.8792285526666537e+00
    1.1419844681949878e+02 5.4404855221315593e+01 2.5246726415134736e+02
    -5.4445013033540191e-01 2.7932291585580155e-01
    -3.0590949579480315e+00 5.5209403290122438e+01
    7.8394791007761782e+01 1.9090665240826789e+02
    -4.5824626505466558e-02 -9.5456744325890486e-01
    2.7761239228628938e+00 1.3224175275009782e+02 5.4211592574380454e+01
    2.8518654305853795e+02 -5.4894570797714326e-01
    -3.6579981076445101e-01 -2.7012627597326753e+00
    5.1318575056054222e+01 1.0041987316078989e+02 2.5801487443184953e+02
    -1.9022481933704169e-01 8.1895330408689286e-03
    3.0593561914699881e+00 8.3148080013497506e+01 3.9616574210641446e+01
    4.0617238010642046e+02 -2.2870796592273013e-01
    5.1122118581116305e-01 -1.8037447890079241e+00
    5.7727535025387525e+01 7.2593667031360027e+01 4.4850527452952196e+02
    3.2687486538555288e-01 1.9357510346635343e-02
    -1.5945096689992033e+00 -2.1241365842347159e+02
    6.1446075329275210e+01 4.0631870580216275e+02
    -1.2803560496345243e-01 9.6904795040955838e-01
    -2.9135808490066237e+00 1.1230585062637468e+02
    1.1999096640543419e+01 3.4393690480491199e+02
    -3.5989988141882989e-01 -3.9218329813311015e-01
    -2.9084956451471937e+00 1.8317095179030338e+02
    -2.8010672709077419e+01 3.7044056874969738e+02</data></extrinsic_parameters>
