<?xml version="1.0"?>
<opencv_storage>
<calibration_time>"Sun 25 Feb 2018 21:41:01 CET"</calibration_time>
<nr_of_frames>10</nr_of_frames>
<image_width>320</image_width>
<image_height>240</image_height>
<board_width>9</board_width>
<board_height>6</board_height>
<square_size>26.</square_size>
<fix_aspect_ratio>1.</fix_aspect_ratio>
<!-- flags: +fix_aspectRatio +zero_tangent_dist +fix_k4 +fix_k5 -->
<flags>6154</flags>
<fisheye_model>0</fisheye_model>
<camera_matrix type_id="opencv-matrix">
  <rows>3</rows>
  <cols>3</cols>
  <dt>d</dt>
  <data>
    2.4943584039451514e+02 0. 1.6065487207406068e+02 0.
    2.4943584039451514e+02 1.1952036205676914e+02 0. 0. 1.</data></camera_matrix>
<distortion_coefficients type_id="opencv-matrix">
  <rows>5</rows>
  <cols>1</cols>
  <dt>d</dt>
  <data>
    2.0297910885653117e-01 -5.9830131142997611e-01 0. 0.
    5.5091184277901528e-01</data></distortion_coefficients>
<avg_reprojection_error>3.1466592858498837e-01</avg_reprojection_error>
<per_view_reprojection_errors type_id="opencv-matrix">
  <rows>10</rows>
  <cols>1</cols>
  <dt>f</dt>
  <data>
    1.66807562e-01 2.78918743e-01 2.29831755e-01 2.31077403e-01
    2.88313955e-01 2.33664200e-01 2.98339218e-01 1.92112565e-01
    1.95482418e-01 6.90257788e-01</data></per_view_reprojection_errors>
<!-- a set of 6-tuples (rotation vector + translation vector) for each view -->
<extrinsic_parameters type_id="opencv-matrix">
  <rows>10</rows>
  <cols>6</cols>
  <dt>d</dt>
  <data>
    -3.2248974771756561e-01 -1.3121827130464123e-01
    3.6455542693142073e-01 -8.6093838988214671e+01
    -1.0952513699307922e+02 3.1439129960840421e+02
    -5.1537213467155929e-01 4.3941034944194931e-03
    -2.9526558900747107e-02 -1.1385240587711947e+02
    -8.0087587589972102e+01 2.6170558965215707e+02
    -2.4162416702400757e-01 -5.5003281108346158e-01
    -1.6108847700608553e+00 -4.6543050904172709e+01
    7.6288759248553006e+01 1.9302384071248812e+02 2.2098608146219623e-01
    -2.3369670296003755e-02 -2.9062463716017826e+00
    8.7444769931966519e+01 8.9136220498963070e+01 2.7405987338798275e+02
    1.0389626946998483e-01 1.0799340893762831e-01
    -2.9971826239187345e+00 9.7780944670576488e+01
    9.3894457196373494e+01 2.3334978436448424e+02
    -5.9454500505828622e-01 -2.5501680277230954e-01
    2.8432977157217247e+00 1.4406915467756360e+02 2.9772599819144592e+01
    2.9572490910763105e+02 -1.1364931577803905e-01
    -3.9193336203576273e-01 3.0429553932264244e+00
    1.1005782274862848e+02 6.0898950084928785e+01 2.3656921095726244e+02
    3.9553941095625722e-01 -3.0559768408887422e-01
    -1.4631491394504437e+00 -1.3609489843753153e+02
    1.0287034895613671e+02 2.7342427317403826e+02
    -1.0343497549461737e-01 -8.4679150949191536e-03
    -1.5531382451457532e+00 2.8061541976359990e+01
    9.3885284544711268e+01 3.1063309555338282e+02
    -1.9932135843901430e-01 9.9518035970134999e-01
    2.8896773972168979e+00 9.8447057588653735e+01 1.6318699192337441e+01
    2.4740784520350988e+02</data></extrinsic_parameters>
<image_points type_id="opencv-matrix">
  <rows>10</rows>
  <cols>54</cols>
  <dt>"2f"</dt>
  <data>
    9.08795242e+01 3.05517750e+01 1.10755371e+02 3.92031479e+01
    1.30472412e+02 4.76354828e+01 1.49688278e+02 5.58511009e+01
    1.68664932e+02 6.37838860e+01 1.87280579e+02 7.16785660e+01
    2.05906830e+02 7.93484573e+01 2.24285599e+02 8.71171646e+01
    2.42741562e+02 9.46418686e+01 8.17849274e+01 4.71851578e+01
    1.02507492e+02 5.61288948e+01 1.22676392e+02 6.45909348e+01
    1.42595612e+02 7.28581696e+01 1.61923645e+02 8.09046326e+01
    1.81181122e+02 8.88209534e+01 2.00129944e+02 9.66421204e+01
    2.19314072e+02 1.04419037e+02 2.38110428e+02 1.12029877e+02
    7.24667053e+01 6.52118988e+01 9.36394958e+01 7.39397583e+01
    1.14599609e+02 8.24313431e+01 1.34996368e+02 9.06721268e+01
    1.54977280e+02 9.88105164e+01 1.74621765e+02 1.06792519e+02
    1.94425842e+02 1.14698631e+02 2.13766754e+02 1.22532555e+02
    2.33425522e+02 1.30544998e+02 6.22621231e+01 8.39580002e+01
    8.43469696e+01 9.26925430e+01 1.05757256e+02 1.01263885e+02
    1.26954231e+02 1.09579956e+02 1.47482224e+02 1.17741882e+02
    1.67959610e+02 1.25750069e+02 1.88164536e+02 1.33823532e+02
    2.08387436e+02 1.42004654e+02 2.28274948e+02 1.50076187e+02
    5.14344292e+01 1.03630127e+02 7.41362152e+01 1.12480438e+02
    9.65393372e+01 1.21043747e+02 1.18315826e+02 1.29445114e+02
    1.39690750e+02 1.37715240e+02 1.60663086e+02 1.45826035e+02
    1.81613052e+02 1.54228302e+02 2.02288071e+02 1.62491577e+02
    2.23156647e+02 1.70888321e+02 3.97384071e+01 1.24507881e+02
    6.33020897e+01 1.33473816e+02 8.64123383e+01 1.42153793e+02
    1.09190239e+02 1.50570709e+02 1.31268356e+02 1.58997833e+02
    1.53089951e+02 1.67390472e+02 1.74728607e+02 1.75781281e+02
    1.96427979e+02 1.84421097e+02 2.17803802e+02 1.92950714e+02
    4.95397072e+01 4.10921936e+01 7.50432434e+01 4.06115417e+01
    1.00552422e+02 4.02211456e+01 1.25869774e+02 3.96379051e+01
    1.51084686e+02 3.90164223e+01 1.76177002e+02 3.84208298e+01
    2.01448746e+02 3.75396919e+01 2.26713837e+02 3.69408569e+01
    2.52111221e+02 3.62739830e+01 4.44318314e+01 6.01282158e+01
    7.15150528e+01 5.98451881e+01 9.83596039e+01 5.94661331e+01
    1.24989540e+02 5.88020287e+01 1.51316086e+02 5.82779961e+01
    1.77529922e+02 5.75714645e+01 2.03988571e+02 5.67031937e+01
    2.30694595e+02 5.57561035e+01 2.57432648e+02 5.50499268e+01
    3.93956985e+01 8.19180298e+01 6.76613083e+01 8.14306335e+01
    9.59695892e+01 8.05912018e+01 1.23922714e+02 7.99487915e+01
    1.51531250e+02 7.92644958e+01 1.79086121e+02 7.84623718e+01
    2.06939209e+02 7.74467010e+01 2.35159073e+02 7.64775696e+01
    2.63344269e+02 7.56615753e+01 3.33624802e+01 1.05834381e+02
    6.32845840e+01 1.05052299e+02 9.31546402e+01 1.04270126e+02
    1.22659271e+02 1.03317909e+02 1.51716370e+02 1.02471619e+02
    1.80867599e+02 1.01333328e+02 2.10332932e+02 1.00405518e+02
    2.40220062e+02 9.95646362e+01 2.70146912e+02 9.89845734e+01
    2.64104366e+01 1.32302155e+02 5.81067162e+01 1.31450394e+02
    8.97939148e+01 1.30289124e+02 1.21155891e+02 1.29239075e+02
    1.52010925e+02 1.28174484e+02 1.82824448e+02 1.27045692e+02
    2.14144485e+02 1.26322227e+02 2.45746414e+02 1.25681305e+02
    2.77739349e+02 1.24856361e+02 1.86756115e+01 1.62000122e+02
    5.21353722e+01 1.61061996e+02 8.58466873e+01 1.59780060e+02
    1.19338448e+02 1.58291275e+02 1.52274277e+02 1.57192200e+02
    1.85231796e+02 1.56143356e+02 2.18687408e+02 1.55336456e+02
    2.52821960e+02 1.54562668e+02 2.86640564e+02 1.53943985e+02
    9.92097092e+01 2.20374649e+02 9.91701202e+01 1.85667175e+02
    9.90747910e+01 1.55211243e+02 9.88449249e+01 1.28075851e+02
    9.84960098e+01 1.03843437e+02 9.81167145e+01 8.20614395e+01
    9.75663910e+01 6.20081329e+01 9.71972275e+01 4.37791901e+01
    9.66828232e+01 2.71355515e+01 1.33806595e+02 2.16264511e+02
    1.31503448e+02 1.82731812e+02 1.29593384e+02 1.53290146e+02
    1.27701180e+02 1.27107384e+02 1.26046471e+02 1.03593826e+02
    1.24386787e+02 8.24267502e+01 1.22762573e+02 6.27726250e+01
    1.21314270e+02 4.47884865e+01 1.19890617e+02 2.83049870e+01
    1.66105835e+02 2.12719559e+02 1.61908035e+02 1.80310699e+02
    1.58301605e+02 1.51625320e+02 1.55076752e+02 1.26136459e+02
    1.52069489e+02 1.03302872e+02 1.49331772e+02 8.24760513e+01
    1.46745331e+02 6.32960968e+01 1.44416092e+02 4.54934769e+01
    1.42189331e+02 2.94527607e+01 1.96886856e+02 2.09464294e+02
    1.90870422e+02 1.77998123e+02 1.85696289e+02 1.50170822e+02
    1.81207092e+02 1.25307098e+02 1.77076050e+02 1.02825478e+02
    1.73415070e+02 8.23326492e+01 1.69905136e+02 6.33857384e+01
    1.66688828e+02 4.62146492e+01 1.63670715e+02 3.02968578e+01
    2.26079086e+02 2.06449921e+02 2.18566010e+02 1.75993195e+02
    2.11934799e+02 1.48750626e+02 2.06207199e+02 1.24341560e+02
    2.01025940e+02 1.02418121e+02 1.96442352e+02 8.21336594e+01
    1.92109558e+02 6.37821617e+01 1.88024017e+02 4.68117104e+01
